6666666666666666666666666666666666666666666666666666666666666666
6600001100000006000000000060000000000000000000000000000000000000
6000001100006000000000060000000000000000000000000000000000000000
6000060060666600000000006000000000000000000000000000000000000006
6000060000000600000000006666666666666666060666666600000000000006
6000060000000600000000000000000000000000000000006000000000000006
6000060000000600000000000000000000000000000000006000000000000006
6000060000000600000000000000000000000000000000006000000000000006
6000060000000600000000000000000000000000000000006000000000000006
6000060000000600000000000000000000000000000000006000000000000006
6000060000000600000000000000000000000000000000006000000000000006
6000060000000600000000000000000000000000000000006000000000000006
6000066666666600000000006666666666660000000000006000000000000006
6000000000000000000000006000000000006660000000000600000000000006
6000000000000000000000000000000000000060000000006600000000000006
6000000000000000000000000000000000000060000000006000000000000006
6000066666666600000000000000000000000060000000006000000000000006
6000060000000600000000000633000000000060000000006000000000000006
6000060000000600000000000633000000000060000000006000000000000006
6000060000000600000000000633000000000060000000006000000000000006
6666660000000600000000000633000000000060000000006000000000000006
6000000000000600000000000633000000000060000000006000000000000006
6000000000000600022000000633000000000000000000006000000000000006
6000000000000600022000000633000000000060000000006000000000000006
6000000000000600000000000633000033000060000000006000000000000006
6000000000000600000000000633333333333360000000006000000000000066
6000000000000666666666666666666666666666666600006000000000000006
6000000000000000000000000000000000666000000000006000000000000006
6000000000000000000000000000000000000000000000006000000000000006
6000000000000000000000000000000000000000000000006000000000000006
6000000000000000000000000000000600000000000000006000000000000006
6000000000000000000000000000000600000000000002206000000000000006
6000000000000000000000000000000600000000000002206000000000000006
6000000066666666600000000000000600000000000000006000000000000006
6000000000000000066606666666666666666666666666660000000000000006
6000000006000000000006000000000000000000000000000000000000000006
6000000006000000000000000000000000000000000000000000000000000006
6000000006000000000000000000000000000000000000000000000000000006
6000000060000000000000000000000000000000000000000000000000000006
6000000060000000000000000000000000000000000000000000000000000006
6000000060000000000000000000000000000000000000000000000000000006
6000000060600000000000000000000000000000000000000000000000000006
6000000060066666666600060666666666600000000000000000000000000006
6000000000000000000666600000000000600000000000000000000000000006
6000000000000000000000000000000000600000000000000000000000000006
6000000000000000000000000000000000600000000000000000000000000006
6000000000000000000000000000000000600000000000000000000000000006
6000000000000000000000000000000000600000000000000000000000000006
6000000000000000000000000000000000600000000000000000000000000006
6000000000000000000000000000000000600000000000000000000000000006
6000000000000000000000000000000022600000000000000000000000000006
6000000000000000000000000000000022600000000000000000000000000006
6666666666666666666666666666666666666666666666666666666666666666
0000000006600000000000000000000000000006000000000000660000000000
0000000000000000000000000000000000000000000000000000000000000000
0000000000000000000000000000000000000000000000000000000000000000
0000000000000000000000000000000000000000000000000000000000000000
0000000000000000000000000000000000000000000000000000000000000000
0000000000000000000000000000000000000000000000000000000000000000
0000000000000000000000000000000000000000000000000000000000000000
0000000000000000000000000000000000000000000000000000000000000000
0000000000000000000000000000000000000000000000000000000000000000
0000000000000000000000000000000000000000000000000000000000000000
0000000000000000000000000000000000000000000000000000000000000000
