0000000000000000000000000000000000000000000000000000000000000000
6001100000000000000000000000000000000000000000000000000000000000
6001100000000000000000000000000000000000000000000000000000000000
6000000000000000000000000000000000000000000000000000000000000000
6000000000000000000000000000000000000000000000000000000000000000
6000000000000000000000000000000000000000000000000000000000000000
6000000000000000000000000000000000000000000000000002200000000000
6000000000000000000000000000000000000000000000000002200000000000
6000000000000000000000000000000000000000000000000000000000000000
6000000000000000000000000000000000000000000000000000000000000000
6000000000000000000000000000000000000000000000000000000000000000
6000000000000000000000000000000000000000000000000000000000000000
6000000000000000000000000000000000000000000000000000000000000000
6000000000000000000000000000000000000220000000000000000000000000
6000000000000000000000000000000000000220000000000000000000000000
6000000000000000000000000000000000000000000000000000000000000000
6600000000000000000000000000000000000000000000000000000000000000
0006666666666666666666666600000000000000000000000000000000000000
0000000000000000000000000600000000000000000000000000000000000000
0000000000000000000000000600000000000000000000000000000000000000
0000000000000000000000000600000000000000000000000000000000000000
0000000000000000000000000600000000000000000000000000000000000000
0000000000000000000000000600000000000000000000000000000000000000
0000000220000000000000000600000000000000000000000000000000000000
0000000220000000000000000660000000000000000000000000000000022000
0000000000000000000000000006066666666666666600000000000000022000
0000000000000000000000000000000000000000000000000000000000000000
0000000000000000000000000000000000000000000000000000000000000000
0000000000000000000000000000000000000000000000000000000000000000
0000000000000000000002200000000000000000000000000000000000000000
0000000000000000000002200000000000000000000000000000000000000000
0000000000000000000000000000000000000000000000000000000000000000
0000000000000000000000000000000000000000000000000000000000000000
0000000000000000000000000000000000000000000000000000000000000000
0000000000000000000000000000000000000000000000000000000000000000
0000000000000000000000000000000000000000000000000000000000000000
0000000000000000000000000000000000000000000000000000000000000000
0000000000000000000000000000000000000000000000000000000000000000
0000000000000000000000000000000000000000000000000000000000000000
0000000000000000000000000000000000000000000000000000000000000000
0000000000000000000000000000000000000000000000000000000000000000
0000000000000000000000000000000000000000000000000000000000000000
0000000000000000000000000000000000000000000000000000000000000000
0000000000000000000000000000000000000000000000000000000000000000
0000000000000000000000000000000000000000000000000000000000000000
0000000000000000000000000000000000000000000000000000000000000000
0000000000000000000000000000000000000000000000000000000000000000
0000000000000000000000000000000000000000000000000000000000000000
0000000000000000000000000000000000000000000000000000000000000000
0000000000000000000000000000000000000000000000000000000000000000
0000000000000000000000000000000000000000000000000000000000000000
0000000000000000000000000000000000000000000000000000000000000000
0000000000000000000000000000000000000000000000000000000000000000
0000000000000000000000000000000000000000000000000000000000000000
0000000000000000000000000000000000000000000000000000000000000000
0000000000000000000000000000000000000000000000000000000000000000
0000000000000000000000000000000000000000000000000000000000000000
0000000000000000000000000000000000000000000000000000000000000000
0000000000000000000000000000000000000000000000000000000000000000
0000000000000000000000000000000000000000000000000000000000000000
0000000000000000000000000000000000000000000000000000000000000000
0000000000000000000000000000000000000000000000000000000000000000
0000000000000000000000000000000000000000000000000000000000000000
0000000000000000000000000000000000000000000000000000000000000000
