6 6 6 6 6 6 6 6 6 6 6 6 6 6 6 6 6 6 6 6 6 6 6 6 6 6 6 6 6 6 6 6 6 6 6 6 6 6 6 6 6 6 6 6 6 6 6 6 6 6 6 6 6 6 6 6 6 6 6 6 6 6 6 6 
6 6 0 0 0 0 0 0 0 0 0 0 0 0 0 0 0 0 0 0 0 0 0 0 0 0 0 0 0 0 0 0 0 0 0 0 0 0 0 0 0 0 0 0 0 0 0 0 0 0 0 0 0 0 0 0 0 0 0 0 0 0 6 6 
6 6 6 6 6 6 6 6 6 6 6 6 6 6 6 6 6 6 6 6 0 0 0 0 0 0 0 0 0 0 0 0 0 0 0 0 0 0 0 0 0 0 0 0 0 6 6 0 0 0 0 0 0 0 0 0 0 0 0 0 0 6 6 6 
6 6 0 0 0 0 0 0 0 0 0 0 0 0 0 0 0 0 0 0 0 0 0 0 0 0 0 0 0 0 0 0 20 20 20 20 20 0 0 0 0 0 0 0 0 6 6 0 0 0 0 0 0 0 0 0 0 0 0 0 0 0 6 6 
6 0 0 0 0 0 0 0 0 0 0 0 0 0 0 0 0 0 0 6 6 0 0 0 0 0 0 0 0 0 0 0 20 20 20 20 20 0 0 0 0 0 0 0 0 6 6 0 0 0 0 0 0 0 0 0 0 0 0 0 0 0 6 6 
6 0 0 0 0 0 0 0 0 0 0 0 0 0 0 0 0 0 0 6 6 0 0 0 0 0 0 0 0 0 0 0 20 20 20 20 20 0 0 0 0 0 0 0 0 6 6 0 0 0 0 0 0 0 0 0 0 0 14 14 14 14 14 6 
6 0 0 0 0 0 0 0 0 0 0 0 0 0 0 11 11 11 11 6 6 0 0 0 0 0 0 0 0 0 0 0 20 20 20 20 20 0 0 0 0 0 0 0 0 6 6 0 0 0 0 0 0 0 0 0 0 0 14 14 14 14 14 6 
6 0 0 0 0 0 0 0 0 2 2 3 0 0 0 11 11 11 11 6 6 0 0 0 0 0 0 0 0 0 0 0 20 20 20 20 20 0 0 0 0 0 0 0 0 6 6 0 0 0 0 0 0 0 0 0 0 0 0 0 0 0 0 6 
6 0 10 10 10 10 10 0 3 3 2 3 0 0 0 11 11 11 11 6 0 0 0 0 0 0 0 0 0 0 0 0 0 0 0 0 0 0 0 0 0 0 0 0 0 6 6 0 0 0 0 0 0 0 0 24 0 0 0 0 0 0 0 6 
6 0 10 10 10 10 10 0 3 0 0 0 3 0 0 11 11 11 11 6 0 0 0 0 2 3 3 3 3 3 3 3 3 3 3 3 3 3 3 3 3 3 3 0 0 6 6 6 0 0 0 0 0 0 0 0 0 0 0 0 0 0 0 6 
6 0 10 10 10 10 10 0 3 0 0 0 3 0 0 11 11 11 11 6 0 0 0 0 3 2 0 0 0 0 0 0 0 0 0 0 0 0 0 0 0 0 3 0 0 6 6 6 0 0 0 0 0 0 0 0 0 0 0 0 0 0 0 6 
6 0 10 10 10 10 10 0 3 0 0 0 3 0 0 11 11 11 11 6 0 0 0 0 3 0 0 0 0 0 0 0 0 0 0 0 0 0 0 0 0 0 3 0 0 6 6 6 0 0 0 0 0 0 0 0 0 0 0 0 0 0 0 6 
6 0 10 10 10 10 10 0 3 0 0 3 0 0 0 0 0 0 0 6 0 0 0 0 3 0 0 0 17 17 17 17 17 17 0 0 0 18 18 18 0 0 3 0 0 6 0 0 0 0 0 0 0 0 0 0 0 0 0 0 0 0 0 6 
6 0 0 0 0 0 0 0 3 0 0 3 0 0 0 0 0 0 0 6 0 0 0 0 3 0 0 0 17 17 17 17 17 17 0 0 0 18 0 0 0 0 3 0 0 6 0 0 0 0 0 0 0 0 0 0 0 0 0 0 0 0 0 6 
6 0 0 3 3 3 3 3 3 0 0 3 0 0 0 0 0 0 0 6 0 0 0 0 3 0 0 0 17 17 17 17 17 17 0 0 0 18 0 0 0 0 3 0 0 6 6 6 0 0 0 0 0 0 0 0 0 0 0 0 0 0 0 0 
6 0 0 3 0 0 0 0 0 0 0 3 0 0 0 0 0 0 0 6 0 0 0 0 3 0 0 0 17 17 17 17 17 17 0 0 0 18 0 0 0 0 3 0 0 6 6 6 0 0 0 0 0 0 0 0 0 0 0 0 0 0 6 0 
6 0 0 3 0 0 0 0 0 0 0 3 0 0 0 0 0 0 0 6 0 0 0 0 3 0 0 0 17 17 17 17 17 17 0 0 0 18 0 0 0 0 3 0 0 6 6 0 0 0 0 0 0 0 0 0 0 0 0 0 0 0 6 0 
6 0 0 3 0 0 0 0 0 0 0 3 0 0 0 0 0 0 0 6 0 0 0 0 3 0 0 0 17 17 17 17 17 17 0 0 0 18 0 0 0 0 3 0 0 6 6 0 0 0 0 0 0 0 0 0 0 0 0 0 0 0 6 0 
6 0 0 3 0 0 0 3 3 0 3 3 0 0 0 0 0 0 0 6 0 0 0 0 3 0 0 0 17 17 17 17 17 17 0 0 0 0 0 0 0 0 3 0 0 6 6 0 0 0 0 0 0 0 0 0 0 0 0 0 0 0 6 0 
6 0 0 3 0 0 0 3 0 0 0 0 0 0 0 0 0 0 0 6 0 0 0 0 3 0 0 0 17 17 17 17 17 17 0 0 0 0 0 0 0 3 3 0 0 6 6 0 0 0 0 0 0 0 0 0 0 0 0 0 0 0 6 0 
6 0 0 3 0 0 0 3 0 0 0 0 0 0 0 0 0 0 0 6 6 0 0 0 3 0 0 0 17 17 17 17 17 0 0 0 0 0 0 0 0 3 0 0 0 6 6 0 0 0 0 0 0 0 0 0 0 0 0 0 0 0 6 0 
6 0 0 3 0 0 0 3 0 0 6 6 6 6 6 6 6 6 6 6 6 0 0 0 3 0 0 0 17 17 17 17 17 0 0 0 0 0 0 0 0 3 0 0 0 6 6 0 0 0 0 0 0 0 0 0 0 0 0 0 0 0 6 0 
6 0 0 3 3 0 0 3 0 0 6 6 6 6 6 6 6 6 6 6 0 0 0 0 3 0 0 0 0 0 0 0 0 0 0 0 0 0 0 0 0 3 0 0 0 6 6 0 0 0 0 0 6 6 6 6 6 6 6 6 6 6 6 0 
6 0 0 0 3 3 3 3 0 0 0 0 0 0 0 0 0 0 0 0 0 0 0 0 3 3 3 3 3 3 3 3 3 3 3 3 3 3 3 3 3 3 0 0 0 6 6 0 0 0 0 0 6 6 6 6 6 6 6 6 6 6 6 0 
6 0 0 0 0 0 0 0 0 0 0 0 0 0 0 0 0 0 0 0 0 0 0 0 0 0 0 0 0 0 0 0 0 0 0 0 0 0 0 0 0 0 0 0 0 6 6 0 0 0 0 0 0 0 0 0 0 0 0 0 0 0 6 0 
6 0 0 0 0 0 0 0 0 0 0 0 0 0 0 0 0 0 0 0 0 0 0 0 0 0 0 0 0 0 0 0 0 0 0 0 0 0 0 0 0 0 0 0 0 6 6 0 0 0 0 0 0 0 0 0 0 0 0 0 0 0 6 0 
6 0 0 0 0 0 0 0 0 0 0 0 0 0 0 0 0 0 0 0 0 0 0 0 0 0 0 0 0 0 0 0 0 0 0 0 0 0 0 0 0 0 0 0 0 6 6 0 0 0 0 0 0 0 0 0 0 0 0 0 0 0 6 0 
6 0 0 0 0 0 0 0 0 0 0 0 0 0 0 0 0 0 0 0 0 0 0 0 0 0 0 0 0 0 0 0 0 0 0 0 0 0 0 0 0 0 0 0 0 6 6 0 0 0 0 0 0 0 0 0 0 0 0 0 0 0 6 0 
6 0 0 0 0 0 0 0 0 0 0 0 0 0 0 0 0 0 0 0 0 0 0 0 0 0 0 0 0 0 0 0 0 0 0 0 0 0 0 0 0 0 0 0 0 6 6 0 0 0 0 0 0 0 0 0 0 0 0 0 0 0 6 0 
6 0 0 0 0 0 0 0 0 0 0 0 0 0 0 0 0 0 0 0 0 0 0 0 0 0 0 0 0 0 0 0 0 0 0 0 0 0 0 0 0 0 0 0 0 6 6 0 0 0 0 3 3 3 3 3 3 3 3 3 0 0 6 0 
6 0 0 0 0 0 0 0 0 0 0 0 0 0 0 0 0 0 0 0 0 0 0 0 0 0 0 0 0 0 0 0 0 0 0 0 0 0 0 0 0 0 0 0 0 6 6 0 0 0 0 3 0 0 0 0 0 0 0 3 0 0 6 0 
6 0 0 0 0 0 0 0 0 0 0 0 0 0 0 0 0 0 0 0 0 0 0 0 0 0 0 0 0 0 0 0 0 0 0 0 0 0 0 0 0 0 0 0 0 6 6 0 0 0 0 3 0 0 0 0 0 0 0 3 0 0 6 0 
6 0 0 0 0 0 0 0 0 0 0 0 0 0 0 0 0 0 0 0 0 0 0 0 0 0 0 0 0 0 0 0 0 0 0 0 0 0 0 0 0 0 0 0 0 6 0 0 0 0 3 3 0 0 0 0 0 0 3 3 0 0 6 0 
6 0 0 0 0 0 0 0 0 0 0 0 0 0 0 0 0 0 0 0 0 0 0 0 0 0 0 0 0 0 0 0 0 0 0 0 0 0 0 0 0 0 0 0 0 6 6 0 0 0 3 0 0 0 0 0 0 0 3 0 0 0 6 0 
6 0 0 0 0 0 0 0 0 0 0 0 0 0 0 0 0 0 0 0 0 0 0 0 0 0 0 0 0 0 0 0 0 0 0 0 0 0 0 0 0 0 0 0 0 6 6 0 0 0 3 0 0 0 0 0 0 0 3 0 0 0 6 0 
6 0 0 0 0 0 0 0 0 0 0 0 0 0 0 0 0 0 0 0 0 0 0 0 0 0 0 0 0 0 0 0 0 0 0 0 0 0 0 0 0 0 0 0 0 6 6 0 0 0 3 0 0 0 0 0 0 0 3 0 0 0 6 0 
6 0 0 0 3 3 3 3 3 3 0 0 0 0 0 0 0 0 0 0 0 0 0 0 0 0 0 0 0 0 0 0 0 0 0 0 0 0 0 0 0 0 0 0 0 0 0 0 0 0 3 0 0 0 0 0 0 0 3 0 0 0 6 0 
6 0 0 3 0 0 0 0 3 0 0 0 0 0 0 0 0 0 0 0 0 0 0 0 0 0 0 0 0 0 0 0 0 0 0 0 0 0 0 0 0 0 0 0 0 0 0 0 0 0 3 0 0 0 0 0 0 0 3 0 0 0 6 0 
6 0 0 3 0 0 0 0 3 0 0 0 0 0 0 0 0 0 0 0 0 0 0 0 0 0 0 0 0 0 0 0 0 0 0 0 0 0 0 0 0 0 0 0 0 0 0 0 0 0 3 0 0 0 0 0 0 0 3 0 0 0 6 0 
6 0 0 3 0 0 0 3 3 0 0 0 0 0 0 0 0 0 0 0 0 0 0 0 0 0 0 0 0 0 0 0 0 0 0 0 0 0 0 0 0 0 0 0 0 0 0 0 0 0 3 0 0 0 0 0 0 0 3 0 0 0 6 0 
6 0 0 3 0 0 0 3 0 0 6 6 6 6 6 6 6 6 6 6 6 0 0 0 0 0 0 0 0 0 0 0 0 0 0 0 0 0 0 0 0 0 0 0 0 0 0 0 0 0 3 0 0 0 0 0 0 0 3 0 0 0 6 0 
6 0 0 3 0 0 0 3 0 0 6 6 6 6 6 6 6 6 6 6 6 6 0 0 0 0 0 0 0 0 0 0 0 0 0 0 0 0 0 0 0 0 0 6 6 0 0 0 0 0 3 0 0 0 0 0 0 0 3 0 0 0 6 0 
6 0 0 3 0 0 0 3 0 0 0 0 0 0 0 0 0 0 0 0 6 6 0 0 0 0 6 6 6 6 6 6 6 6 6 0 6 6 6 6 6 6 6 6 6 0 0 0 0 0 3 0 0 0 0 0 0 0 3 0 0 0 6 0 
6 0 0 3 0 0 0 3 0 0 0 0 0 0 0 0 0 0 0 0 6 0 0 0 0 0 6 6 6 6 6 6 6 6 6 0 6 6 6 6 6 6 6 6 6 0 0 0 0 0 3 0 0 0 0 0 0 0 3 0 0 0 6 0 
6 0 0 3 0 0 0 3 0 0 0 0 0 0 0 0 0 0 0 0 6 0 0 0 0 0 0 0 0 0 0 0 0 0 0 0 0 0 0 0 0 0 0 6 6 0 0 0 0 0 3 0 0 0 0 0 0 2 2 0 0 0 6 0 
6 0 0 3 0 0 0 3 0 0 0 0 0 0 0 0 0 0 0 0 6 0 0 0 0 0 0 0 0 0 0 0 0 0 0 0 0 0 0 0 0 0 0 6 0 0 0 0 0 0 3 3 3 3 3 3 3 3 3 0 0 0 6 0 
6 0 3 3 0 0 0 3 0 0 0 0 0 0 0 0 0 0 0 0 6 0 0 0 0 0 0 0 0 0 0 0 0 0 0 0 0 0 0 0 0 0 0 6 0 0 0 0 0 0 0 0 0 0 0 0 0 0 0 0 0 0 6 0 
6 0 3 0 0 0 3 0 0 0 0 0 0 0 0 0 0 0 0 0 6 0 0 0 0 0 0 0 0 0 0 0 0 0 0 0 0 0 0 0 0 0 0 6 0 0 0 0 0 0 0 0 0 0 0 0 0 0 0 0 0 0 6 0 
6 0 3 3 0 0 3 0 0 0 0 0 0 0 0 0 0 0 0 0 6 0 0 0 0 0 0 0 0 0 0 0 0 0 0 0 0 0 0 0 0 0 0 6 0 0 0 0 0 0 0 0 0 0 0 0 0 0 0 0 0 0 6 0 
6 0 0 3 0 0 3 0 0 0 0 0 0 0 0 0 0 0 0 0 6 0 0 0 0 0 0 0 0 0 0 0 0 0 0 0 0 0 0 0 0 0 0 6 0 0 0 0 0 0 0 0 0 13 13 13 13 0 0 0 0 0 6 0 
6 0 0 3 0 0 3 3 0 0 0 0 0 0 0 0 0 0 0 0 6 0 0 0 0 0 0 0 0 0 0 0 0 0 0 0 0 0 0 0 0 0 0 6 0 0 0 0 0 0 0 0 0 13 13 13 13 0 0 0 0 0 6 0 
6 0 0 3 3 3 2 3 0 0 0 0 0 0 0 0 0 0 0 0 6 0 0 0 0 0 0 0 0 0 0 0 0 0 0 0 0 0 0 0 0 0 0 6 0 0 0 0 0 0 0 0 0 13 13 13 13 0 0 0 0 0 6 0 
6 0 0 0 0 0 2 2 0 0 0 0 0 0 0 0 0 0 0 0 6 0 0 0 0 0 0 0 0 0 0 0 0 0 0 0 0 0 0 0 0 0 0 6 0 0 0 0 0 0 0 0 0 13 13 13 13 0 0 0 0 0 6 0 
6 0 0 0 0 0 0 0 0 0 0 0 0 0 0 22 22 22 22 0 6 0 0 0 0 0 0 0 0 0 0 0 0 0 0 0 0 0 0 0 0 0 0 6 0 0 0 0 0 0 0 0 0 0 0 0 0 0 0 0 0 0 6 0 
6 0 0 0 0 0 0 0 0 0 0 0 0 0 0 22 22 22 22 0 6 0 0 0 0 0 0 0 0 0 0 0 0 0 0 0 0 0 0 0 0 0 0 6 0 0 0 0 0 0 0 0 0 0 0 0 0 0 0 0 0 0 6 0 
6 0 0 0 0 0 0 0 0 0 0 0 0 0 0 22 22 22 22 0 6 0 0 0 0 0 0 0 0 0 0 0 0 0 0 0 0 0 0 0 0 0 0 6 0 0 0 0 0 0 0 0 0 0 0 0 0 0 0 0 0 0 6 0 
6 0 0 0 0 0 0 0 0 0 0 0 0 0 0 22 22 22 22 0 6 0 0 0 0 0 0 0 0 0 0 0 0 0 0 0 0 0 0 0 0 0 0 6 0 0 0 0 0 0 0 0 0 0 0 0 0 0 0 0 0 0 6 0 
6 0 0 0 0 0 0 0 0 0 0 0 0 0 0 23 0 0 0 0 6 0 0 0 0 0 0 0 0 0 0 0 0 0 0 0 0 0 0 0 0 0 0 6 0 0 0 0 0 0 0 0 0 0 0 0 0 0 0 0 0 0 6 0 
6 0 0 21 21 21 21 21 21 0 0 0 0 0 0 23 23 23 0 6 0 6 6 0 0 0 0 0 0 0 0 0 0 0 0 0 0 0 0 0 0 0 0 6 0 0 0 0 0 0 0 0 0 0 0 0 0 0 0 0 0 0 6 0 
6 0 0 21 21 21 21 21 21 0 0 0 0 0 0 23 23 23 0 6 0 6 6 0 0 0 0 0 0 0 0 0 0 0 0 0 0 0 0 0 1 1 0 6 0 0 0 0 0 0 0 0 0 0 0 0 0 0 0 0 0 0 6 0 
6 0 0 21 21 21 21 21 21 0 0 0 0 0 0 23 23 23 0 6 0 6 0 0 0 0 0 0 0 0 0 0 0 0 0 0 0 0 0 0 1 1 0 6 0 0 0 0 0 0 0 0 0 0 0 0 0 0 0 0 0 0 6 0 
6 6 0 0 0 0 0 0 0 0 0 0 0 0 0 0 0 0 0 6 6 0 0 0 0 0 0 0 6 6 6 6 6 0 0 0 0 0 0 0 0 0 0 0 0 0 0 0 0 0 0 0 0 0 0 0 0 0 0 0 0 0 6 0 
6 6 6 6 6 6 6 6 6 6 6 6 6 6 6 6 6 6 6 6 6 0 6 0 6 6 6 6 6 6 6 6 6 6 6 6 6 6 6 6 6 6 6 6 6 6 6 6 6 6 6 6 6 6 6 6 6 6 6 6 6 0 6 0 
6 6 6 6 0 0 0 0 0 0 0 0 0 0 0 0 0 0 0 0 0 0 6 0 6 6 6 6 6 0 6 6 6 6 0 0 0 0 0 0 0 0 0 0 0 0 0 0 0 0 0 0 0 0 0 0 6 6 6 6 6 6 6 0 
